Obstacle crashes:
0.6443
0.6491
0.6499
0.6497
0.6492
0.6485
0.6478
0.6471
0.6463
0.6456
0.6448
0.6441
0.6434
0.6428
0.6421
0.6415
0.6409
0.6404
0.6399
0.6394
0.6391
0.6388
0.6386
0.6383
0.6382
0.6379
0.6378
0.6378
0.6380
0.6384
0.6390
0.6388
0.6398
0.6391
0.6387
0.6381
0.6375
0.6371
0.6369
0.6367
0.6363
0.6359
0.6355
0.6352
0.6347
0.6345
0.6343
0.6340
0.6340
0.6341
0.6342
0.6342
0.6340
0.6340
0.6341
0.6339
0.6333
0.6321
0.6310
0.6300
0.6293
0.6269
0.6260
0.6260
0.6248
0.6240
0.6231
0.6211
0.6190
0.6170
0.6151
0.6131
0.6111
0.6091
0.6071
0.6051
0.6031
0.6012
0.5992
0.5972
0.5953
0.5933
0.5914
0.5894
0.5875
0.5855
0.5836
0.5817
0.5798
0.5780
0.5761
0.5744
0.5725
0.5705
0.5687
0.5668
0.5658
0.5652
0.5638
0.5625
0.5609
0.5605
0.5591
0.5588
0.5579
0.5559
0.5549
0.5539
Drones collide:
0.6453
0.6476
0.6490
0.6491
0.6487
0.6482
0.6476
0.6470
0.6464
0.6457
0.6451
0.6445
0.6439
0.6433
0.6428
0.6422
0.6418
0.6414
0.6410
0.6405
0.6401
0.6396
0.6392
0.6389
0.6385
0.6383
0.6382
0.6380
0.6380
0.6381
0.6380
0.6389
0.6394
0.6408
0.6408
0.6401
0.6395
0.6388
0.6384
0.6380
0.6377
0.6374
0.6371
0.6369
0.6368
0.6366
0.6364
0.6363
0.6362
0.6361
0.6360
0.6358
0.6357
0.6348
0.6338
0.6326
0.6318
0.6304
0.6297
0.628
Mission Complete:
0.6484
0.6466
0.6486
0.6490
0.6488
0.6484
0.6478
0.6473
0.6467
0.6460
0.6454
0.6448
0.6443
0.6438
0.6433
0.6429
0.6424
0.6419
0.6415
0.6411
0.6408
0.6403
0.6399
0.6395
0.6392
0.6389
0.6387
0.6386
0.6386
0.6388
0.6391
0.6396
0.6405
0.6415
0.6412
0.6412
0.6418
0.6411
0.6404
0.6397
0.6392
0.6387
0.6383
0.6379
0.6376
0.6373
0.6371
0.6368
0.6366
0.6364
0.6363
0.6361
0.6351
0.6341
0.6331
0.6321
0.6311
0.6302
0.6293
0.6284
0.6275
0.6272
0.6257
0.6234
0.6239
0.6231
0.6211
0.6191
0.6171
0.6151
0.6131
0.6111
0.6091
0.6072
0.6052
0.6032
0.6012
0.5992
0.5973
0.5953
0.5934
0.5914
0.5895
0.5875
0.5856
0.5837
0.5818
0.5800
0.5782
0.5765
0.5748
0.5733
0.5720
0.5709
0.5701
0.5691
0.5676
0.5658
0.5647
0.5636
0.5616
0.5606
0.5598
0.5579
0.5570
0.5563
0.5552
0.5546
0.5547
0.5548
0.5549
0.5547
0.5546
0.5544
0.5539
0.5539
0.5550
0.5543
0.5546
0.5546
0.5547
0.5547
0.5540
0.5545
0.5553
0.5545
0.5545
0.5545
0.5545
0.5541
0.5548
0.5549
0.5539
0.5543
0.5548
0.5551
0.5551
0.5551
0.5548
0.5551
0.5542
0.5551
0.5551
0.5550
0.5550
0.5550
0.5537
0.5547
0.5547
0.5548