1.450000e+01
3.715000e+02
361
83
8.650000e+01
1.355000e+02
19
19
48
8.050000e+01
8.355000e+02
87
5.450000e+01
2.875000e+02
5.635000e+02
62
1.250000e+01
297
4.050000e+01
118
2.565000e+02
471
105
1.165000e+02
147
144
1.025000e+02
1.595000e+02
250
173
1.585000e+02
1.125000e+02
449
4.750000e+01
426
4.850000e+01
39
3.355000e+02
282
521
1.005000e+02
260
7.750000e+01
23
195
1.345000e+02
27
2.085000e+02
11
168
46
87
4.585000e+02
104
6.050000e+01
179
1.465000e+02
1.045000e+02
1.645000e+02
4.205000e+02
2.850000e+01
71
3.500000e+00
349
129
6.255000e+02
69
2.775000e+02
312
164
1.350000e+01
110
74
3.995000e+02
5.750000e+01
196
1.650000e+01
7.450000e+01
354
8.050000e+01
31
1.575000e+02
96
9.250000e+01
2.895000e+02
1.695000e+02
2.250000e+01
328
225
30
1.350000e+01
1.650000e+01
1.735000e+02
1.395000e+02
8.450000e+01
148
607
147
164
1.305000e+02
1.450000e+01
5.350000e+01
1.350000e+01
1.650000e+01
84
1.315000e+02
30
2.505000e+02
6.315000e+02
1.685000e+02
57
353
1.235000e+02
63
1.550000e+01
1.550000e+01
4.050000e+01
15
16
2.850000e+01
27
6.605000e+02
6.950000e+01
52
14
25
1.195000e+02
1.275000e+02
500
1.750000e+01
13
1.275000e+02
1.955000e+02
20
2.750000e+01
4.525000e+02
1.265000e+02
68
23
102
8.735000e+02
3.915000e+02
1.695000e+02
1.795000e+02
99
427
115
550
145
85
1.515000e+02
155
1.750000e+01
243
13
1.415000e+02
122
2.445000e+02
5.650000e+01
5.850000e+01
672
144
1.115000e+02
2.655000e+02
30
2.495000e+02
9.050000e+01
88
620
81
66
1.525000e+02
7.650000e+01
187
85
4.775000e+02
365
177
2.145000e+02
1.145000e+02
302
112
188
1.750000e+01
3.650000e+01
3
3.985000e+02
227
28
1.550000e+01
2.550000e+01
1.825000e+02
381
2.955000e+02
2.035000e+02
970
395
138
50
24
1.115000e+02
41
2.245000e+02
23
3.050000e+01
8.750000e+01
3
